date,open,high,low,close,volume,adjclose,symbol
2016-03-03,47.66,50.540001,47.52,50.290001,4314200.0,50.290001,KMX
2010-03-08,54.049999,54.099998,53.299999,53.32,1488500.0,46.439361,CHRW
2009-03-23,39.529999,40.919998,39.150002,40.869999,5084400.0,37.313293,AON
2010-02-01,21.58,21.76,21.459999,21.58,3076900.0,17.145513,HRB
2013-07-01,134.809998,137.460007,134.809998,135.350006,984000.0,123.249353,AVB
2012-03-05,93.0,93.529999,92.949997,93.349998,2335000.0,42.199212,CL
2015-07-22,79.07,79.220001,78.449997,78.739998,1639200.0,76.440713,TROW
2011-04-14,31.58,31.629999,31.290001,31.4,3607100.0,27.94202,ALL
2004-09-07,31.68,31.83,31.559999,31.799999,714700.0,15.00572,MDLZ
2004-04-12,42.700001,43.369999,42.599998,43.110001,9950600.0,31.758451,XOM
2009-07-16,4.14,4.15,4.02,4.12,1.77499E7,3.590037,HBAN
2001-08-21,26.950001,27.139999,26.76,26.950001,136800.0,13.928417,SCG
2007-03-28,47.169998,47.189999,46.459999,46.639999,1.80805E7,37.242109,WMT
2006-10-06,113.499994,113.499994,111.969991,111.990004,1488900.0,70.089683,VNO
2006-05-08,58.119999,58.240002,57.34,57.669998,553900.0,48.49652,COL
2007-05-30,522.000008,527.999992,518.250008,527.849998,2496000.0,76.404909,CME
2012-05-09,19.9,20.4,19.790001,20.1,6043600.0,17.348756,BBY
2001-01-05,90.250001,90.875001,87.312501,87.875001,305100.0,1316.998064,AIG
2007-04-27,84.089996,84.290001,83.870003,84.0,483300.0,78.674262,BCR
2007-11-20,62.52,63.099998,62.099998,62.790001,2.15724E7,24.173051,KO
2002-08-19,23.700001,24.690001,23.540001,24.610001,4797300.0,16.672434,MCD
2003-06-03,49.029999,49.029999,48.27,48.43,2673600.0,8.102501,NUE
2008-10-14,55.91,56.810001,49.66,50.439999,1536800.0,50.439999,MHK
2014-03-13,27.559999,27.66,27.200001,27.24,1883800.0,27.24,CBG
2004-11-01,35.950001,36.27,35.630001,36.18,3011100.0,29.944809,WBA
2008-07-29,33.789868,34.419864,33.689867,34.129865,1.66342E7,21.312155,VZ
2001-09-25,55.869999,57.150002,55.130001,56.5,9949000.0,50.811516,AMGN
2008-03-14,35.77,35.790001,33.540001,34.0,7932000.0,4.25,UA
2000-11-28,52.375,54.0,52.375,53.6875,570400.0,43.379502,ZION
2016-05-04,45.220001,45.98,44.77,45.880001,2479000.0,45.489612,PLD
2000-10-17,81.5,82.875,80.75,82.875,8662800.0,24.136313,CVX
2005-04-11,40.23,40.349998,39.939999,40.23,748100.0,27.520135,SRE
2008-01-02,46.759998,46.759998,44.849998,45.290001,1938800.0,42.053812,ZION
2009-12-29,37.130001,37.5,37.07,37.099998,7508600.0,29.003321,MRK
2014-11-10,69.389999,70.080002,69.279999,70.07,1608300.0,70.07,FISV
2011-12-15,25.25,25.299999,24.67,24.719999,8664800.0,23.538609,CBS
2008-09-11,28.52,30.0,28.52,29.959999,1.00329E7,27.157933,UNH
2005-07-08,30.079994,30.820006,29.980004,30.670006,1.31613E7,17.552938,CMCSA
2016-04-11,34.990002,35.380001,34.419998,34.799999,4584400.0,34.783893,RRC
2012-10-08,11.63,11.79,11.56,11.7,8223000.0,10.151041,SPLS
2014-06-11,15.69,15.82,15.55,15.59,7.37293E7,15.190371,BAC
2007-05-04,120.050003,120.599998,119.489998,119.650002,482300.0,111.586143,HAR
2014-08-14,52.5,52.779999,52.48,52.779999,1696700.0,49.656106,GIS
2015-12-09,77.889999,78.779999,77.099998,77.559998,5393000.0,76.786936,MDT
2015-05-21,428.0,436.899994,428.0,431.630005,4121400.0,431.630005,AMZN
2007-09-26,76.779999,76.779999,75.379997,76.660004,6032600.0,59.125427,CAT
2009-07-08,16.76,17.4,16.120001,16.709999,6683400.0,14.812899,TEL
2015-07-28,32.73,32.900002,32.540001,32.799999,2090400.0,31.044042,FE
2007-07-05,122.480003,123.75,121.940002,123.059998,2896800.0,50.080296,DE
2002-02-25,36.950001,37.200001,36.709999,37.009998,744400.0,29.072328,BDX
2001-03-23,47.669998,47.799999,47.09,47.349998,110600.0,24.55813,AVB
2009-05-04,6.55,6.6,6.41,6.56,7776700.0,5.584314,XRX
2015-09-29,88.330002,88.800003,87.580002,88.400002,1241100.0,87.273236,AON
2003-01-24,49.099995,49.250019,48.799991,48.799991,526900.0,8.472739,GGP
2004-09-21,32.060001,32.269999,32.009998,32.169997,2473200.0,13.555449,BAX
2015-06-23,185.679993,186.979996,184.169998,185.190002,222100.0,184.641118,AYI
2006-03-28,38.549999,38.869999,38.369999,38.700001,3095100.0,33.796601,VIAB
2003-07-17,5.91008,5.91008,4.76,4.82,838400.0,0.30125,MNST
2015-04-10,33.549999,33.560001,33.200001,33.369999,1867800.0,33.008061,FOX
2001-04-04,16.5,16.85,16.26,16.5,1236900.0,11.873572,NSC
2012-08-27,37.740002,37.75,36.98,37.029999,780200.0,34.891799,EXPD
2002-11-12,17.950001,18.48,17.950001,18.15,82900.0,18.15,ADS
2007-05-29,53.790001,55.610001,53.549999,54.66,2202900.0,27.523919,AIV
2014-09-08,66.790001,67.0,66.239998,66.660004,321000.0,64.322627,AIZ
2011-03-24,43.950001,44.139999,43.419998,44.080002,2287900.0,39.763047,STT
2015-06-11,88.660004,88.669998,87.620003,87.760002,1418100.0,86.053483,DLPH
2012-06-19,68.849998,69.459999,68.629997,69.260002,1530300.0,61.127756,SRE
2004-01-14,36.5,36.580002,36.189999,36.439999,1541900.0,23.174476,BBT
2009-08-26,36.880001,38.23,36.669998,37.459999,5798500.0,37.350621,BBBY
2007-06-22,89.410006,89.49,87.340004,87.419998,4814400.0,45.538054,PCAR
2014-06-02,102.690002,102.830002,102.160004,102.470001,538700.0,97.387928,SJM
2005-09-28,20.5,20.77,20.1,20.290001,3734200.0,8.859504,TJX
2004-06-04,31.860001,31.98,31.74,31.82,153300.0,19.181654,AJG
2014-02-04,126.089996,128.289993,125.480003,128.110001,998900.0,126.420821,BCR
2016-02-02,49.459999,49.689999,49.099998,49.560001,4869000.0,48.751915,RAI
2012-08-10,28.09,28.450001,27.98,28.26,1411200.0,26.37155,RHI
2007-07-05,39.279999,39.529999,38.759998,39.09,378500.0,25.949461,SCG
2012-07-19,22.530001,23.02,22.42,22.9,1274100.0,22.097649,FBHS
2005-11-08,50.099998,50.099998,49.619999,49.830002,345000.0,20.188677,SEE
2002-08-28,20.790001,20.799999,20.1,20.190001,101200.0,6.857854,GRMN
2009-05-13,16.75,17.23,16.73,17.07,1.8937E7,14.396914,TXN
2000-09-28,40.75,43.875,40.75,43.75,109800.0,21.875,ILMN
2011-05-31,35.220001,35.220001,34.869999,35.139999,1014100.0,27.497895,O
2014-09-11,70.82,71.529999,70.510002,71.400002,2869100.0,69.764308,MAR
2010-01-06,14.23,14.4,14.1,14.16,1.37048E7,12.147012,AMAT
2001-05-18,33.0,33.0,32.659996,33.0,1000.0,16.462659,SIG
2002-03-05,33.599998,34.5,33.189999,33.990002,1.52017E7,27.068623,TXN
2010-10-06,19.209999,19.370001,19.129999,19.309999,5.499E7,15.783471,INTC
2002-10-14,12.98,14.25,12.96,13.94,1.55028E7,5.946089,KR
2006-07-06,28.77,29.32,28.5,29.26,2818900.0,24.763357,COH
2011-09-21,102.809998,102.830002,97.720001,97.860001,8586100.0,91.431066,GS
2014-10-21,48.790001,49.919998,48.709999,49.77,1933700.0,48.142302,LNC
2016-04-08,55.75,55.91,55.099998,55.360001,6987400.0,54.911741,MRK
2013-11-18,37.349998,37.580002,37.07,37.200001,5.32775E7,34.492952,MSFT
2011-01-28,56.860001,56.880001,54.290001,54.82,2707900.0,46.291922,PCAR
2008-12-24,19.219999,19.219999,18.809999,18.950001,470200.0,16.414719,RHI
2004-04-14,57.149999,57.719992,56.479996,56.990002,1309500.0,17.461947,PCAR
2007-02-27,57.200001,57.200001,55.25,55.41,709600.0,43.520337,SWK
2001-11-01,32.389999,32.5,31.5,31.6,4635700.0,25.783914,WBA
2008-05-15,186.810003,189.899994,184.199997,189.730003,2.18302E8,24.814662,AAPL
2000-09-14,58.0,58.5,56.75,58.25,2275200.0,15.575407,D
2014-09-05,65.620003,66.839996,65.0,66.610001,2497000.0,64.254792,TSO
2004-06-09,71.440002,71.830002,70.400002,70.809998,1450100.0,60.949369,COF
2006-06-21,20.459999,20.629999,20.4,20.469999,1.27392E7,8.759625,KR
2003-02-28,11.18,11.21,10.85,11.05,593300.0,11.05,VRTX
2001-09-10,48.099993,49.98999,48.099993,49.269991,3819600.0,14.640825,L
2014-06-03,100.330002,100.610001,100.019997,100.519997,686600.0,94.543079,SRE
2012-11-16,40.459999,42.139999,40.18,41.220001,2646800.0,41.220001,VRTX
2007-05-03,65.449997,65.470001,64.730003,65.089996,1382100.0,58.038695,SYK
2002-11-18,53.400002,53.450001,52.34,52.66,433500.0,41.57765,GWW
2002-08-09,60.549999,62.150002,59.799999,61.189999,1890200.0,17.580336,D
2009-09-04,74.269997,74.889999,73.93,74.550003,401800.0,66.055651,DNB
2015-08-07,87.449997,87.650002,86.620003,87.610001,1441600.0,85.515288,YUM
2003-06-05,35.650002,37.0,35.200001,36.75,391200.0,30.166262,MLM
2010-06-17,35.330002,35.48,34.57,35.119999,1318100.0,32.870135,JBHT
2011-03-02,88.629997,89.790001,87.529999,89.389999,3114000.0,82.088768,DVN
2014-04-22,55.02,55.389999,54.740002,55.09,2724900.0,54.125693,DG
2004-07-01,45.02,45.09,44.650002,45.0,2515200.0,11.015675,GPN
2010-09-03,10.27,10.5,10.2,10.3,4536100.0,10.022391,GT
2012-12-13,60.549999,60.880001,59.790001,59.91,769000.0,57.493384,EL
2002-06-19,33.84999,34.299989,33.84999,34.100009,519000.0,9.638716,CHD
2003-12-23,34.310001,34.650002,34.290001,34.52,1.38345E7,20.989174,PFE
2014-07-07,53.759998,54.0,53.540001,53.580002,761500.0,50.438594,HAS
2003-02-24,72.449997,72.449997,70.029999,70.25,996100.0,46.906649,TGNA
2016-03-10,109.760002,111.32,109.300003,110.660004,2592500.0,109.909323,PX
2010-03-10,9.63,9.96,9.57,9.87,3.93351E7,9.87,MU
2008-12-02,15.410004,15.530004,13.719998,14.249999,3.20077E7,12.206295,CHK
2016-01-28,93.489998,93.540001,88.580002,91.080002,2434200.0,91.080002,CXO
2001-10-10,59.299999,63.24992,58.900002,62.799999,6.73216E7,3.83854,GILD
2007-01-05,69.349998,69.419998,68.760002,68.779999,947800.0,60.206113,MCO
2014-08-19,42.27,42.740002,42.25,42.689999,3781900.0,40.274761,GPS
2015-09-30,75.790001,76.5,75.199997,76.400002,1559600.0,74.173132,NSC
2007-10-29,71.949997,72.190002,71.599998,71.830002,1.14797E7,54.917035,PG
2016-06-03,24.24,24.58,24.16,24.459999,2723600.0,24.303387,NI
2004-07-16,30.9,31.370001,30.66,31.0,1760800.0,3.875,SWN
2005-02-11,16.020001,16.060003,15.949997,16.0,2092300.0,11.399411,HST
2011-06-13,47.669998,47.869999,47.18,47.830002,2923400.0,39.556981,D
2004-05-21,35.799999,36.369999,35.580002,36.369999,2600000.0,14.528564,YUM
2008-04-02,52.049999,52.200001,51.439999,51.759998,5531500.0,36.13854,LLY
2002-11-18,27.0,27.16,26.6,26.65,460800.0,15.454493,AJG
2011-07-27,71.730003,73.199997,70.529999,70.629997,9806900.0,61.995281,BA
2012-04-18,5.56,5.68,5.54,5.54,1.15007E7,5.54,BSX
2006-12-29,62.799999,63.009998,62.450001,62.52,1896500.0,50.176352,UTX
2001-11-23,12.75,12.87,12.62,12.68,98700.0,12.02042,HUM
2012-11-29,58.290001,58.66,57.970001,58.009998,1733800.0,55.670023,EL
2011-06-10,37.130001,37.279999,36.509998,36.970001,1283500.0,36.182544,VMC
2014-08-25,29.74,29.870001,29.540001,29.66,1.0812E7,28.652367,EMC
2004-10-07,30.83,31.0,30.32,30.389999,1332500.0,22.943379,NSC
2011-10-28,53.900002,54.990002,53.75,54.610001,2401400.0,51.85385,INTU
2012-06-14,100.080002,101.129997,97.279999,98.949997,1551600.0,96.386201,BCR
2011-05-04,45.110001,45.189999,43.259998,43.450001,6559100.0,43.450001,FTI
2014-09-10,108.870003,109.129997,107.75,107.989998,1485400.0,101.800938,NSC
2000-08-02,19.937475,20.937488,19.812532,20.687468,243600.0,2.721005,AME
2012-12-12,89.089996,90.529999,89.019997,89.709999,2113400.0,87.89769,FDX
2004-01-05,54.0,56.849998,54.0,56.849998,101900.0,43.42263,BLK
2016-08-15,279.670013,280.320007,278.660004,280.019989,478600.0,280.019989,ICE
2001-02-05,64.75,65.43,64.550003,65.18,2332400.0,23.614641,ITW
2013-04-25,44.0,46.720001,44.0,45.619999,4853500.0,44.316698,LRCX
2002-11-25,9.150005,9.229998,8.900002,9.120003,1936500.0,6.476746,HST
2016-04-12,194.289993,196.720001,193.839996,195.270004,337100.0,195.270004,MHK
2014-03-17,76.919998,77.93,76.629997,77.779999,2099100.0,77.732271,CI
2015-01-28,76.660004,76.839996,74.43,74.449997,4404900.0,71.752942,COF
2009-02-12,23.030001,23.48,22.52,23.459999,3689800.0,23.459999,CTXS
2002-09-13,25.0,25.440001,24.860001,25.360001,1732100.0,15.507033,CAG
2011-02-28,85.870003,86.559998,85.489998,85.529999,2.4507E7,73.048958,XOM
2009-07-07,32.310001,32.600009,31.170001,31.25001,2.0022E7,8.9171,CSX
2003-03-04,48.799999,48.82,47.560001,47.580002,596000.0,20.261217,ECL
2007-03-19,30.0,30.190001,29.92,30.030001,9983800.0,30.030001,YHOO
2007-10-29,38.07,39.029999,38.07,38.950001,529400.0,34.900551,PDCO
2012-07-23,23.74,23.92,23.540001,23.700001,1536300.0,22.550255,TSS
2006-09-01,46.150002,46.709999,45.639999,46.040001,420200.0,37.645886,CHRW
2006-03-06,36.32,36.549999,36.0,36.099998,974000.0,30.094568,RHI
2007-03-19,117.669998,118.199997,116.919998,118.010002,814000.0,80.981547,BXP
2010-04-23,35.41,35.860001,35.060001,35.490002,4495200.0,31.910869,HOG
2009-05-28,11.72,11.78,11.03,11.17,1.15203E7,9.722709,M
2011-10-27,24.84,24.84,23.309999,23.57,4182100.0,19.782951,LEG
2012-10-16,56.0,56.380001,55.810001,56.09,1013500.0,52.835786,SPGI
2009-10-23,47.169998,47.59,45.490002,45.700001,6959100.0,41.174759,STT
2002-11-26,51.75,51.959999,50.599998,50.77,1307400.0,47.348784,FDX
2011-02-18,41.759998,41.880001,41.369999,41.880001,813000.0,33.570297,PNW
2011-02-22,73.95999,74.399998,72.699989,72.929998,9179400.0,21.417906,CSX
2004-02-24,26.01,27.1,24.24,26.809999,296900.0,23.920425,EQIX
2005-05-17,34.939999,36.110001,34.939999,36.09,1.01606E7,29.500533,QCOM
2003-05-23,33.48,33.709999,33.25,33.549999,794900.0,23.130524,K
2009-10-16,37.049999,37.700001,36.869999,36.950001,2658400.0,35.027958,HUM
2007-06-22,81.150002,81.690002,80.239998,80.57,1522700.0,22.797568,WY
2014-10-23,66.43,66.629997,66.040001,66.300003,2070500.0,60.982769,DLR
2013-01-10,39.5,39.98,38.779999,39.389999,2979400.0,34.110298,GRMN
2012-07-11,46.639999,46.84,45.68,46.27,1572400.0,23.135,DISCK
2012-05-03,77.349998,77.419998,76.68,77.0,1450900.0,71.629846,CB
2016-02-12,96.400002,98.589996,96.150002,98.489998,5110600.0,97.063399,PEP
2010-02-04,33.400002,33.439999,32.48,32.5,2790700.0,26.728048,EIX
2012-05-22,43.279999,44.080002,43.150002,43.369999,1697100.0,39.546503,NTRS
2010-08-27,44.91,45.110001,44.080002,44.799999,3375600.0,10.805265,ALK
2006-11-22,36.639999,36.860001,36.470001,36.799999,2732700.0,28.885888,RF
2010-11-16,68.75,68.75,67.199997,67.779999,4049000.0,63.663785,HES
2009-03-16,13.66,13.66,13.2,13.22,1.94488E7,13.22,YHOO
2008-01-18,608.360033,609.989993,598.450031,600.249987,1.70621E7,300.425419,GOOGL
2014-07-11,79.620003,79.940002,79.169998,79.730003,782700.0,78.437621,EXPE
2014-04-22,300.5,309.170013,300.0,306.200012,1776700.0,306.200012,BIIB
2009-10-02,25.35,27.059999,25.290001,26.709999,1.35945E7,22.095153,BBT
2016-01-08,53.84,53.84,51.959999,52.099998,2830900.0,51.844998,ROST
2005-01-24,57.419998,57.419998,56.75,56.790001,912800.0,24.015738,EQT
2009-05-04,8.16,9.14,7.89,9.04,1.15268E7,9.04,CBG
2001-11-23,60.18,61.5,59.900002,61.310001,7164200.0,24.697936,QCOM
2005-11-11,42.740002,43.360001,42.599998,43.360001,431600.0,34.610537,R
2013-12-03,33.389999,33.639999,33.009998,33.200001,4393600.0,31.613735,BK
2008-12-18,11.02,11.8,10.85,11.01,1.06343E7,11.01,UAL
2014-10-31,70.5,70.760002,70.099998,70.720001,593900.0,68.377453,MKC
2011-06-24,41.290001,41.369999,40.77,40.790001,1387100.0,39.548277,L
2010-06-01,15.58,15.98,15.4,15.44,1.261854E8,14.811855,BAC
2004-02-24,25.950001,26.469999,25.76,26.389999,539800.0,23.48004,EFX
2005-08-18,64.849998,64.849998,64.029999,64.5,1313600.0,23.396139,ETN
2003-07-14,11.45,11.5,11.27,11.31,7259900.0,8.476141,F
2002-09-24,18.35,18.43,18.02,18.35,1635300.0,11.069069,MAT
2010-08-02,31.290001,31.48,31.15,31.370001,2564400.0,25.729747,SYY
2005-05-06,31.9,32.0,31.540001,31.58,2235600.0,7.494755,FTI
2016-01-25,29.33,29.59,29.02,29.23,3.36277E7,28.50508,GM
2012-08-22,42.220002,42.379999,41.959992,42.189995,5518500.0,37.395853,TWX
2012-09-21,78.739998,79.610001,75.639999,76.0,1322000.0,72.830202,KSU
2011-09-14,27.76,27.76,27.030001,27.059999,889700.0,25.061458,NLSN
2002-11-01,51.709999,52.0,51.209999,51.990002,1338600.0,23.292422,PDCO
2003-05-08,17.950001,18.35,17.92,18.299999,3147400.0,5.956278,FCX
2010-03-22,58.959999,60.09,58.84,59.849998,3035600.0,52.084468,PNC
2002-08-20,9.47,9.74,9.29,9.68,6744200.0,9.064274,NTAP
2010-04-14,43.84,44.380001,43.650002,44.169998,2156000.0,10.653316,ALK
2016-01-07,48.439999,49.360001,47.77,48.43,7593800.0,47.248283,PAYX
2008-01-08,86.169998,88.099998,81.889999,82.099998,2092400.0,61.462213,BXP
2003-09-18,28.690001,29.280001,28.459999,29.16,4.6619E7,20.660855,INTC
2013-09-25,31.4,32.029999,31.120001,31.34,1.91466E7,31.34,YHOO
2011-08-26,77.93,79.940002,76.309998,79.730003,992700.0,72.125436,BDX
2006-06-12,54.560001,55.5,54.310001,54.720001,4126900.0,46.746313,KSS
2011-08-24,43.009998,43.75,42.610001,43.529999,3508600.0,34.488337,FE
2011-01-04,79.339996,79.459999,77.129997,78.199997,2875400.0,71.812747,DVN
2002-05-03,2.22,2.28,2.1,2.23,2009900.0,2.23,AKAM
2011-11-16,81.849998,82.160004,80.910004,81.0,1659800.0,78.435635,MCK
2010-05-25,20.07,20.620001,19.83,20.620001,1402900.0,18.164921,SEE
2009-11-18,1.54,1.75,1.53,1.69,1.34915E7,16.9,ETFC
2010-01-20,43.810001,44.27,43.34,44.099998,2366400.0,21.163054,APH
2016-02-29,6.22,6.24,5.64,5.78,2.59815E7,5.78,SWN
2007-03-29,52.990002,53.309999,52.900001,53.220001,3694900.0,23.56211,BAX
2014-11-18,10.11,10.17,10.07,10.14,6613600.0,9.712872,HBAN
2013-01-17,56.849998,57.240002,56.689999,56.939999,386800.0,54.428511,EFX
2001-04-27,54.18,56.060001,52.099998,55.02,2.80793E7,53.280345,JNPR
2014-04-09,46.779999,47.189999,46.32,47.16,2.23732E7,46.717345,C
2002-04-08,34.0,34.049999,33.509998,33.509998,264600.0,17.499678,CTL
2008-08-14,71.690002,73.510002,71.440002,72.669998,2426200.0,28.116618,ETN
2003-06-10,24.629999,24.629999,24.120001,24.4,9023200.0,5.550569,SBUX
2004-11-18,45.490002,45.549999,45.240002,45.380001,1649000.0,16.286556,GIS
2015-06-05,140.970001,144.039993,139.309998,143.809998,3859300.0,141.600553,AVGO
2006-04-24,69.940002,69.940002,69.150002,69.589996,1192400.0,53.983912,PNC
2010-11-22,65.0,66.93,64.919998,66.459999,684200.0,65.48547,AAP
2001-09-26,13.5,15.6,12.0,12.25,5.30406E7,11.150918,AES
2003-08-27,28.83,28.9,28.68,28.85,756000.0,9.941559,WEC
2007-10-29,170.399994,174.679993,169.830002,173.029999,1303700.0,167.09259,ICE
2011-05-11,35.810001,36.07,35.529999,35.869999,1383400.0,33.013345,AVGO
2009-03-27,22.09,22.34,21.73,22.049999,684200.0,18.848714,PNR
2004-09-08,97.0,97.019997,95.660004,95.800003,314500.0,67.937602,MTB
2008-03-19,30.5,31.27,30.110001,30.110001,2910400.0,22.349646,TGNA
2010-06-04,41.360001,41.599998,40.700001,40.860001,4808700.0,35.913742,YUM
2012-06-01,50.029999,51.259998,49.860001,49.900002,2569800.0,49.900002,RHT
2004-01-08,49.02,49.18,48.639999,48.82,270800.0,11.930097,GPN
2004-02-12,27.790001,27.83,27.190001,27.6,1580600.0,13.755997,ADSK
2004-09-01,49.549999,50.099998,49.509998,49.990002,2301500.0,40.699382,MDT
2004-01-14,28.98,29.1,28.799999,29.08,1692200.0,20.470443,KEY
2008-07-22,21.16,21.620001,21.15,21.59,3.29737E7,19.90261,ORCL
2003-02-28,41.709999,42.169998,41.130001,41.299999,2934400.0,9.570777,EOG
2009-05-12,29.99,30.360001,29.84,30.23,998600.0,30.23,AGN
2011-08-08,54.110001,54.630001,51.93,52.389999,1.68558E7,26.195,CELG
2003-10-17,38.830002,39.709999,38.439999,38.439999,2761600.0,9.078224,TSCO
2010-11-16,50.990002,51.16,50.09,50.27,3545500.0,48.889012,TMO
2015-07-30,101.82,102.019997,101.309998,101.839996,673000.0,100.368012,SYK
2008-09-10,102.190002,106.739998,100.989998,105.360001,6343200.0,96.91598,APA
2007-07-27,51.970001,52.169998,50.07,50.119999,1.66748E7,35.070998,MRK
2007-04-27,152.910004,153.610001,150.300003,151.490005,358200.0,121.071805,BLK
2011-09-07,26.17,27.15,25.889999,27.120001,4337000.0,22.835377,PLD
2010-12-01,38.390048,39.210044,38.290049,38.970054,1.64244E7,17.205438,TYC
2002-03-12,31.809999,31.809999,30.549999,31.110001,5715400.0,3.576037,ATVI
2001-04-10,27.4,30.200001,27.389999,29.6,1.47922E7,23.507952,TXN
2010-03-18,37.0,37.0,35.84,36.0,4422200.0,16.623305,WFM
2009-10-29,74.389999,75.709999,73.779999,74.949997,2737000.0,72.030554,FDX
2001-02-09,18.99,19.469999,18.26,18.34,727000.0,6.348691,JWN
2005-10-04,20.0,20.1,19.790001,19.83,295800.0,13.744083,ES
2007-05-08,74.019997,74.400002,72.800003,72.879997,3299600.0,62.260071,KSS
2012-03-20,54.5,54.810001,54.41,54.580002,685500.0,46.610803,DTE
2008-02-26,89.459999,91.690002,89.330002,90.970001,1989300.0,86.369501,FDX
2010-08-17,49.709999,50.509998,49.34,50.5,3104700.0,44.063384,NTRS
2012-02-14,54.230001,54.450002,53.89,54.250005,2378100.0,42.458557,ADP
2010-10-28,49.290001,49.75,48.77,49.080002,1665200.0,45.84581,FLR
2004-04-23,77.949997,78.75,77.050003,78.360001,3048800.0,35.190317,STJ
2012-12-03,80.620003,81.169998,78.510002,78.779999,810500.0,78.779999,CXO
2016-05-23,119.379997,119.970001,118.959999,119.43,1150400.0,119.188303,ZBH
2002-03-21,48.599995,48.810002,47.81,48.189997,2410300.0,27.799909,DD
2014-11-14,25.43,25.700001,25.25,25.459999,934500.0,25.459999,OI
2009-08-06,23.209999,23.709999,23.120001,23.290001,2531900.0,23.290001,PWR
2011-02-14,21.73,21.82,21.57,21.799999,2744800.0,19.98219,DFS
2013-09-11,16.540001,16.870001,16.540001,16.860001,3073600.0,15.872026,IPG
2003-04-29,9.68,9.75,9.54,9.59,949500.0,8.365281,TSN
2010-08-05,12.05,12.25,12.0,12.06,3050400.0,11.659042,LUV
2010-10-07,15.97,16.059999,15.86,16.0,2206300.0,12.351591,CNP
2002-11-11,39.450001,40.23,38.549999,39.029999,8048400.0,9.014915,AET
2004-02-24,45.249997,45.749998,44.75,45.159999,3172500.0,27.846779,DD
2001-09-06,26.200001,26.77,26.200001,26.59,4815200.0,11.341931,KR
2014-12-26,38.740002,38.98,38.709999,38.889999,3778900.0,38.296947,FOXA
2005-09-16,16.040001,16.209999,15.8,16.17,1928700.0,16.17,RHT
2011-11-18,98.769997,100.519997,97.610001,98.559998,3206300.0,92.581113,APA
2004-12-22,28.559999,28.74,28.110001,28.23,1178000.0,27.423507,LRCX
2007-11-13,28.83999,29.379991,28.74,29.090009,5046200.0,9.69667,DLTR
2015-10-22,37.360001,37.52,36.290001,36.57,2959200.0,36.57,HOLX
2004-06-02,31.52,31.719999,30.059999,30.120001,3023700.0,19.714192,MCHP
2001-03-02,44.349998,45.950001,44.299999,45.59,1352000.0,7.357814,NUE
2008-06-06,62.830002,63.0,61.130001,61.389999,9110600.0,30.695,CELG
2001-12-19,35.400002,36.130001,35.400002,36.099998,962300.0,21.322919,BBT
2014-07-29,49.02,49.209999,48.580002,48.630001,385800.0,46.168396,AWK
2012-09-19,58.34001,59.759989,58.260007,59.440001,1944100.0,30.37302,DISCA
2008-12-10,62.389999,62.990002,61.790001,62.73,921300.0,62.73,LH
2015-08-21,73.550003,73.900002,71.830002,71.839996,1.57639E7,69.466978,PG
2015-05-01,70.129997,70.349998,69.800003,69.949997,2423200.0,68.253353,ALL
2003-01-07,6.08,6.18,5.9,5.96,20300.0,11.92,ISRG
2013-10-02,78.650002,78.849998,77.25,78.830002,1937100.0,74.37798,EMN
2013-04-24,106.900002,107.43,106.190002,106.75,666400.0,102.768092,KSU
2001-07-05,56.349998,56.349998,54.75,54.799999,3469600.0,2.881811,RAI
2007-04-24,17.950001,17.98,17.440001,17.469999,1.70691E7,12.928418,SYMC
2006-04-28,48.669998,49.009998,46.040001,47.459999,2206700.0,44.693134,ROP
2009-09-18,56.07,56.150002,54.860001,55.41,1150300.0,55.41,HSIC
2010-06-01,71.440002,72.620003,70.699997,71.18,1.4684E7,16.392588,NKE
2001-02-07,31.01,32.450001,30.01,30.459999,1.58376E7,6.446592,TJX
2012-01-27,94.739998,95.419998,93.900002,95.150002,416700.0,84.236601,FRT
2011-05-12,38.380001,39.0,38.169998,38.950001,622000.0,37.820198,XRAY
2007-07-13,45.18,45.23,44.259998,44.470001,2115800.0,44.470001,VAR
2016-06-17,53.709999,53.810001,53.27,53.41,2022900.0,53.41,NLSN
2007-10-11,14.210001,14.260001,13.580001,13.75,876800.0,137.500002,ETFC
2004-01-23,92.699993,93.800008,92.4,93.020002,5696000.0,17.101441,DHR
2013-08-20,509.709984,510.569977,500.820007,501.07,8.96721E7,67.384094,AAPL
2003-07-10,65.029999,65.239998,63.32,64.160004,5268000.0,28.531969,APA
2006-05-26,30.74,31.219999,30.74,31.049999,1123000.0,29.036199,UAL
2004-03-23,27.9,28.129999,27.440001,27.6,995800.0,11.510806,HP
2015-01-28,49.080002,49.16,47.91,47.939999,1883400.0,45.683336,PFG
2005-11-29,30.020001,30.629998,29.75,30.05,4130000.0,19.803629,MAS
2012-03-23,77.0,77.150002,75.550003,76.709999,1645800.0,38.355,CERN
2010-04-23,53.880001,53.950001,53.360001,53.619999,2190000.0,44.320205,K
2011-08-25,42.34,42.380001,41.52,41.57,388800.0,38.144566,CHD
2016-08-11,45.709999,46.32,45.619999,45.919998,4630700.0,45.919998,CCL
2015-02-24,120.410004,121.029999,117.440002,117.82,883000.0,117.82,MNK
2016-03-04,39.419998,40.48,39.27,40.389999,3595000.0,39.808508,CMS
2003-06-11,36.540001,37.52,35.98,37.220001,1902400.0,8.05696,JBHT
2001-09-05,14.1,14.35,14.02,14.13,37700.0,13.17159,PVH
2010-07-12,23.440001,23.48,22.51,23.09,412400.0,22.834495,ULTA
2009-08-19,9.9,10.19,9.88,10.11,1.56094E7,8.747414,FITB
2011-05-10,348.889988,349.690006,346.660004,349.450001,7.05229E7,45.704335,AAPL
2014-04-16,84.089996,84.690002,83.160004,84.169998,3400800.0,80.596539,APA
2002-11-06,51.299995,51.32,50.220001,50.499992,2367500.0,30.054319,KMB
2005-10-31,56.790001,57.07,55.919998,56.880001,3995000.0,56.880001,EA
2008-01-02,94.529999,95.269997,92.0,92.330002,1015600.0,86.784495,BCR
2000-10-26,79.5,79.5,74.4375,77.25,4834700.0,49.75959,MS
2007-01-11,55.98,56.560001,55.799999,56.290001,2727000.0,25.681718,NRG
2003-12-17,64.989998,66.050003,64.5,66.010002,1.52616E7,7.086798,NKE
2015-01-26,152.910004,155.479996,150.75,155.029999,1476400.0,154.896427,PXD
2009-02-05,13.66,13.89,13.29,13.72,1951700.0,11.669293,SEE
2005-07-15,27.09999,27.180001,26.420011,26.889991,3.05838E7,8.37022,NVDA
2001-12-10,32.049999,33.599998,31.16,31.799999,3.6424E7,3.975,CELG
2014-02-07,87.309998,89.620003,86.010002,88.309998,976700.0,88.309998,ULTA
2008-04-08,96.089996,97.769997,95.900002,97.150002,965200.0,78.285743,APD
2008-08-21,15.06,15.5,15.06,15.43,3213900.0,14.045606,AES
2011-06-10,43.07,43.18,42.349998,42.709999,4969600.0,38.685148,STT
2014-03-19,90.580002,91.099998,89.860001,90.360001,4160200.0,85.926272,SLB
2005-06-16,64.919998,65.739998,64.82,65.529999,257800.0,50.62352,SLG
2007-06-21,95.200003,96.109991,93.269999,95.849991,2358300.0,66.805827,SPG
2002-09-05,26.4,27.059999,25.969999,26.24,2189600.0,22.346792,BHI
2013-07-30,29.969999,30.209999,29.530001,29.530001,2256500.0,28.754291,FOX
2008-04-18,64.900002,65.550003,63.75,63.900002,1.03504E7,15.975,CRM
2008-12-24,16.959999,17.290001,16.66,16.92,751200.0,13.842651,HOT
2005-02-18,93.510002,93.709999,92.870003,93.059998,994200.0,36.924311,SPGI
2008-01-17,40.849998,41.689999,38.48,38.529999,4839200.0,9.402787,COG
2013-02-20,143.259995,143.720001,139.710007,139.860001,357000.0,105.2664,TDG
2004-07-07,51.82,52.200001,51.139999,51.650002,4477400.0,30.830655,CAH
2007-05-29,32.400002,32.84,32.310001,32.66,2091900.0,25.036158,HAS
2013-01-29,31.940001,32.450001,31.9,32.419998,1629600.0,28.03663,AEE
2010-08-06,76.589996,77.220001,75.470001,76.220001,1296500.0,65.189482,APD
2003-06-13,57.029999,57.029999,55.75,56.169998,290000.0,38.394443,AVY
2006-01-24,111.459995,112.059986,110.570011,111.159988,2774400.0,36.673196,CI
2008-06-25,193.330002,194.0,187.179993,190.039993,2782800.0,86.567279,FLR
2005-10-20,19.25,19.5,19.07,19.17,1066100.0,19.17,AN
2013-08-05,18.9,19.25,18.9,19.17,4365800.0,18.749202,AAL
2008-03-20,43.59,43.59,42.0,43.360001,1.64213E7,31.042758,MRK
2011-06-22,26.110001,26.33,26.040001,26.040001,6837100.0,23.481125,BK
2004-12-03,41.369999,42.139999,41.369999,42.049999,1969200.0,26.480178,EXC
2008-02-29,51.82,51.98,50.919998,51.32,1286400.0,39.450947,AVY
2008-02-12,59.690004,60.860001,59.370006,60.220013,1476600.0,24.355027,TMK
2006-11-17,53.580002,53.689999,53.07,53.41,360600.0,40.706727,AYI
2003-06-20,46.249995,46.399996,45.99,46.000005,12400.0,25.016435,SIG
2013-11-08,32.349998,32.639999,31.98,32.639999,3220100.0,30.312171,CAG
2008-09-25,65.690004,66.749999,65.35,66.150002,6818700.0,29.885935,BAX
2012-05-10,38.349998,38.5,37.43,37.830002,7610100.0,34.173897,M
2014-08-05,212.419998,213.919998,207.529999,209.089996,1218400.0,196.285247,WYNN
2011-02-02,61.540001,61.689999,59.889999,60.0,2047600.0,14.471337,ALK
2004-06-10,17.639999,17.719999,17.469999,17.719999,1183600.0,10.939543,MAT
2009-07-31,45.480127,45.98013,44.530131,44.580126,3093900.0,33.253874,NOC
2013-08-23,42.810001,43.349998,42.709999,43.16,4322400.0,38.553729,AEP
2011-11-14,36.509998,36.959999,35.380001,35.529999,5244300.0,25.22262,LYB
2014-04-15,195.979996,197.410004,195.419998,197.020004,5351300.0,182.050235,IBM
2013-04-12,51.59,52.459999,50.75,51.459999,3325300.0,48.315011,TSO
2012-01-23,97.889999,100.5,97.769997,100.089996,1396900.0,99.830513,PXD
2009-12-22,47.330002,47.77,47.169998,47.459999,728300.0,40.713691,ROK
2005-07-12,22.48,22.58,22.299999,22.559999,1908100.0,22.559999,CTXS
2005-06-06,22.370001,22.469999,22.16,22.450001,822700.0,16.905306,NWL
2001-10-22,48.49992,50.179907,48.49992,49.809912,1589000.0,28.336468,ADP
2004-09-16,63.450002,63.499994,62.750001,63.200003,1388400.0,19.504678,PCAR
2005-11-28,58.889999,59.279999,58.709999,59.07,1029300.0,48.569801,BDX
2012-11-13,30.790001,31.309999,30.610001,30.639999,3024800.0,30.639999,ADSK
2015-05-26,60.709999,60.889999,60.18,60.41,913600.0,59.450247,BWA
2009-02-18,11.47,11.55,11.11,11.26,9036200.0,9.540633,GPS
2007-03-23,66.5,66.900002,65.75,66.209999,3149100.0,59.255367,BHI
2015-10-05,27.530001,27.98,27.5,27.969999,3286600.0,27.084742,WY
2004-05-25,34.27,34.990002,34.27,34.740002,1.5537E7,21.318687,PFE
2006-03-09,30.809999,30.860001,29.809999,30.08,2030800.0,7.254964,ALK
2008-02-07,63.860001,65.510002,61.610001,65.459999,1.49696E7,10.185093,RAI
2008-06-23,93.049993,93.370003,89.589995,89.77999,1307200.0,59.742432,VNO
2013-10-23,166.199997,169.289993,162.509995,168.649994,2453700.0,150.472941,EQIX
2015-07-01,33.439999,33.57,32.990002,33.290001,3907300.0,33.290001,DISCA
2008-06-16,19.01,19.030001,18.41,18.559999,4401100.0,15.426598,NWL
2013-02-14,155.660004,155.889999,154.100006,154.199997,889800.0,138.809111,PSA
2013-01-16,89.589996,89.93,89.279999,89.559998,1483700.0,81.525752,DE
2012-09-14,105.019997,105.93,104.660004,105.199997,319000.0,102.750976,ROP
2005-03-24,71.800003,73.279999,71.199997,72.059998,3170400.0,33.384458,PHM
2015-08-24,42.049999,43.400002,41.16,42.009998,4932300.0,40.229343,IP
2009-05-19,104.330002,106.120003,104.0,105.510002,7079200.0,89.438257,IBM
2001-09-28,22.049999,22.549999,22.049999,22.5,575200.0,7.262898,WEC
2004-09-07,79.750008,82.459997,79.750008,82.030003,843700.0,46.074521,LM
2011-05-19,32.459999,32.740002,32.34,32.68,1336800.0,32.68,OI
2014-07-11,274.019989,276.339996,273.170013,275.359985,425100.0,275.359985,ADS
2004-12-13,33.299999,33.349998,33.029999,33.25,245600.0,25.510952,SNA
2003-03-14,10.61,10.87,10.48,10.65,612400.0,2.6625,ALXN
2008-06-27,39.369999,39.900002,38.279999,38.630001,1.19842E7,32.884596,BK
2013-07-02,55.040001,55.32,54.66,54.830002,2008500.0,52.650579,ABC
2013-01-02,17.040001,17.600001,16.98,17.07,8073900.0,14.264799,MAS
2013-01-09,42.73,42.889999,42.43,42.720001,341000.0,40.643111,CTAS
2016-06-07,49.049999,50.599998,48.779999,50.299999,1203700.0,50.299999,AN
2012-08-14,87.360001,87.5,85.989998,86.199997,2385100.0,80.217485,MON
2001-07-20,64.970001,65.0,64.199997,64.32,546000.0,24.09473,SPGI
2014-08-28,59.18,59.509998,58.75,59.400002,1240700.0,55.45923,KSS
2005-08-02,30.15,30.84,30.120001,30.709999,1437400.0,14.856202,MDLZ
2015-03-03,106.059998,106.239998,104.769997,105.540001,3619200.0,52.024986,ROST
2015-12-11,115.190002,115.389999,112.849998,113.18,4.68862E7,111.285088,AAPL
2007-08-06,36.09,36.709999,35.099998,36.709999,2242200.0,12.684999,LNT
2001-10-05,3.72,3.8,3.41,3.8,1147100.0,3.8,AKAM
2003-06-13,33.860001,33.950001,33.25,33.52,513800.0,17.66535,CTL
2004-03-24,13.35,13.52,13.31,13.38,3254100.0,12.806517,LUV
2013-09-09,61.429999,62.41,61.429999,62.240001,3103600.0,56.671511,TWX
2001-12-19,13.8,14.09,13.46,13.73,1794900.0,11.181885,RCL
2004-12-02,17.340002,17.499999,16.620005,16.640003,7754600.0,13.832843,CHK
2002-12-26,24.43,24.93,24.299999,24.4,2126000.0,10.546178,CVS
2001-01-24,57.125,57.4375,56.625,57.125,1149900.0,38.35981,FITB
2002-02-20,13.26,13.45,12.37,13.2,1.93604E7,12.498464,EMC
2013-07-31,47.75,48.220001,47.02,47.130001,5098200.0,45.924905,EXPE
2014-10-08,48.639999,49.349998,48.419998,49.310001,1133500.0,47.688415,CMA
2013-04-10,25.08,25.51,24.969999,25.51,2375700.0,25.51,CBG
2003-08-22,16.75,16.77,16.25,16.26,144200.0,8.73456,VTR
2012-01-31,31.42,31.440001,30.280001,30.43,1982900.0,30.43,KMX
2001-12-27,29.439997,29.6,29.019996,29.310003,308800.0,15.659089,SPG
2013-11-04,42.240002,42.240002,41.860001,42.0,2370600.0,38.300801,PAYX
2015-02-25,62.189999,62.779999,61.98,62.080002,1040100.0,59.844799,HAS
2015-05-01,27.309999,27.93,27.309999,27.809999,2535400.0,27.809999,LKQ
2015-06-17,31.790001,32.16,31.620001,32.029999,1323900.0,30.054044,IRM
2000-10-18,20.0,21.75,19.75,21.5,2.78912E7,8.417116,MON
2007-07-10,33.199925,33.899924,33.049925,33.399925,8889500.0,19.157146,WMB
2010-02-23,54.91,55.209999,54.049999,54.310001,765800.0,48.672801,COL
2010-07-15,32.029998,32.189997,31.079999,31.659995,7582300.0,27.632784,MAR
2005-03-11,33.619999,33.990002,33.040001,33.34,2080600.0,15.559669,FLIR
2015-07-10,339.940002,341.209991,337.279999,339.459991,1156400.0,330.623725,BLK
2003-01-14,12.0,12.1,11.92,11.99,142800.0,2.9975,HOLX
2005-12-07,48.900002,49.360001,47.619999,47.889999,1584100.0,45.398887,HUM
2002-02-14,27.0,27.1,26.74,26.950001,742900.0,20.864384,SHW
2015-01-06,35.91,35.919998,35.119999,35.27,1921700.0,34.731707,FOX
2011-06-15,59.669998,59.990002,58.029999,58.279999,628600.0,58.279999,MHK
2008-07-21,35.43,35.43,34.0,34.450001,5055500.0,31.963774,AET
2003-02-06,68.510002,69.019997,67.620003,68.419998,1.42582E7,24.435088,BAC
2003-12-05,35.48,35.490002,34.77,34.98,5065100.0,28.190689,AA
2013-10-08,66.099998,66.239998,65.120003,65.400002,2216500.0,63.458395,INTU
2008-03-31,24.08,24.41,23.959999,24.09,5.1471E7,20.78527,CSCO
2005-08-24,45.950001,46.150002,45.549999,45.639999,3761900.0,30.823148,DOW
2004-12-03,78.900005,80.229993,78.410007,79.990003,1474500.0,25.893671,MUR
2006-03-14,36.799999,37.119999,36.57,37.099998,1120300.0,30.831274,TIF
2004-12-01,105.699997,107.529999,105.5,107.5,235700.0,76.523387,MTB
2012-10-18,38.810001,38.93,38.66,38.77,1128400.0,34.080562,WEC
2010-08-24,69.510002,70.970001,69.0,70.660004,2.67476E7,16.907978,V
2008-07-25,30.5,31.379999,30.5,31.16,1919300.0,31.16,PWR
2006-04-13,13.55,13.64,13.4,13.5,1354900.0,13.136143,GT
2002-10-03,43.41,44.439999,42.0,42.220001,1462600.0,10.349483,WY
2007-05-04,79.709999,81.699997,78.949997,81.43,2015400.0,73.984374,ANTM
2010-10-22,19.33,19.370001,19.18,19.290001,1002500.0,19.010639,STZ
2006-09-18,27.950001,28.83,27.950001,28.48,5684600.0,24.239539,AA
2005-02-22,23.969999,24.1,23.379999,23.5,1562700.0,12.83087,LB
2011-09-22,44.25,45.889999,43.630001,44.810001,3676200.0,37.747644,JWN
2015-06-17,81.699997,81.699997,80.730003,81.07,975800.0,81.07,DVA
2005-06-22,32.389999,33.599998,32.389999,33.389999,1157900.0,27.63303,TIF
2009-01-27,36.519998,37.61,36.110005,37.150001,9693300.0,26.40663,ADP
2014-09-22,76.150002,76.519997,75.620003,75.800003,943700.0,71.310041,DTE
2011-11-10,86.309998,86.970001,85.07,86.220001,2048000.0,39.991967,PPG
2015-01-06,30.15,30.17,29.299999,29.620001,2670500.0,28.632919,TGNA
2005-11-08,32.679989,32.679989,32.029997,32.110006,255300.0,9.844084,PBCT
2013-12-24,59.580002,59.779999,59.220001,59.529999,846700.0,59.529999,ADBE
2012-02-10,60.849998,61.34,60.57,61.200001,1717700.0,58.095803,ECL
2000-10-26,89.9375,93.125,89.8125,92.1875,2265000.0,31.588964,MMM
2015-09-22,87.459999,88.32,87.07,87.790001,1823700.0,85.663869,PNC
2002-06-10,30.9,31.790001,30.799999,31.49,416400.0,24.62728,SHW
2009-08-10,74.089996,74.5,73.5,74.43,750100.0,65.645696,DNB
2011-11-30,30.16,31.58,29.889999,31.48,1.55497E7,27.75129,MET
2015-09-04,35.0,35.5,34.849998,35.299999,4382700.0,34.534819,HRB
2011-01-27,47.57,47.82,47.119999,47.580002,2080900.0,42.920276,STT
2015-06-03,28.99,29.32,28.73,29.24,1291300.0,29.24,LKQ
2012-04-18,26.32,26.450001,26.17,26.200001,1146100.0,22.543037,UDR
2003-05-30,33.790001,35.0,33.09,35.0,3893400.0,15.376364,EXPD
2013-09-17,40.939999,41.25,40.650002,41.150002,1772600.0,39.184932,CMA
2012-12-19,32.84,32.889999,32.349998,32.389999,1.28201E7,27.31399,MO
2013-07-30,39.32,39.439999,39.130001,39.25,2181400.0,35.705869,MCHP
2002-04-11,60.650002,61.810001,60.009998,60.169998,8567000.0,45.611069,WMT
2011-08-17,23.58,23.93,23.34,23.57,1132200.0,11.785,LKQ
2011-07-01,40.979992,41.889997,40.880008,41.669989,2393600.0,21.29279,DISCA
2016-02-03,47.919998,49.41,45.900002,49.369999,2796400.0,47.568069,HP
2002-12-12,17.200001,17.530001,17.200001,17.4,5779100.0,11.952257,MCD
2001-05-21,90.449997,90.650002,88.720001,88.75,1.22778E7,30.472989,XOM
2006-02-28,10.52,10.55,10.34,10.36,1395700.0,9.15654,IPG
2009-06-26,19.68,20.889999,19.65,20.49,2091600.0,10.245,CNC
2016-01-29,109.040001,110.230003,108.589996,110.18,1821500.0,108.800801,MTB
2012-06-05,15.06,15.6,15.06,15.49,2397100.0,14.134297,NRG
2005-03-11,60.860001,61.119999,60.639999,60.759998,995800.0,43.71026,CLX
2010-12-30,49.829999,49.900001,49.560001,49.689999,2355800.0,39.790379,DD
2005-04-19,27.75,27.9,27.43,27.74,3367100.0,20.425057,MMC
2004-04-16,35.549999,36.240002,35.209999,35.889999,5907000.0,11.871025,FCX
2003-09-02,28.049999,28.950001,28.049999,28.389999,1639200.0,7.0975,CNC
2013-01-04,63.810001,65.75,63.77,65.370003,2779800.0,58.986311,NSC
2005-10-13,34.139999,34.400002,33.889999,34.330002,187800.0,18.517508,HCN
2006-10-31,31.66,32.450001,31.5,32.349998,1.57286E7,28.641298,HAL
2004-12-10,83.230003,83.230003,80.440002,80.900002,1363100.0,55.190927,TGNA
2016-02-25,73.68,75.0,73.209999,74.910004,998500.0,74.594968,ALK
2009-07-16,32.130001,33.040001,31.879999,32.900002,1586100.0,27.852294,OMC
2011-12-13,25.27,25.280001,24.07,24.25,1720100.0,22.090051,FL
2006-12-08,30.75,31.0,30.17,30.219999,1069100.0,29.327549,RRC
2003-06-20,29.75,29.75,29.5,29.620001,840400.0,10.131569,WEC
2007-12-13,28.049999,28.51,27.799999,28.24,1670800.0,28.24,URBN
2014-05-28,58.220001,58.41,58.07,58.18,1738900.0,56.041513,ALL
2001-08-14,56.099998,56.200001,55.700001,55.93,609100.0,38.71564,UPS
2009-05-15,36.139999,36.32,35.259998,35.560001,1262400.0,33.134193,EQT
2014-05-19,498.890015,503.910004,498.890015,501.290009,270900.0,501.290009,CMG
2014-07-08,35.279997,35.340003,35.060005,35.189997,1483900.0,28.140034,IRM
2011-08-23,48.740002,50.07,48.490002,50.07,1713500.0,42.926598,SRE
2016-04-19,109.080002,110.32,107.690002,108.0,1018100.0,107.855489,XEC
2007-07-31,68.699997,69.419998,66.580002,66.650002,4373000.0,53.842743,PNC
2008-07-17,64.720001,66.669998,62.060001,65.82,1931000.0,65.82,MHK
2013-10-24,103.360001,105.0,103.360001,104.919998,801700.0,101.691516,ECL
2010-04-09,68.660004,68.769997,68.139999,68.68,5622100.0,56.239325,MCD
2001-10-25,39.749998,40.380001,39.749998,40.299997,6293400.0,22.874713,DD
2005-12-07,20.48,20.629999,20.450001,20.5,456600.0,15.338166,HAS
2005-09-28,79.779999,80.279999,79.32,80.279999,4403800.0,30.992892,ITW
2014-12-11,1119.390015,1127.329956,1111.709961,1114.27002,546500.0,1114.27002,PCLN
2001-10-17,38.75,38.759998,37.02,37.150002,2.16895E7,22.902242,GE
2015-04-24,73.18,73.470001,72.529999,73.32,1099400.0,73.32,CERN
2003-10-17,12.34,12.39,12.05,12.13,9233800.0,9.175401,F
2003-07-15,15.61,15.82,15.3,15.44,283100.0,15.44,URI
2004-06-14,43.650002,44.139999,43.540001,43.799999,1182300.0,27.338408,HOT
2011-11-28,31.01,31.190001,30.559999,30.879999,2994600.0,28.831741,TEL
2016-05-06,134.479996,135.809998,134.309998,135.699997,3356800.0,135.000929,HD
2014-02-19,50.889999,51.290001,50.540001,50.700001,1826700.0,47.400675,EIX
2010-10-08,31.469999,31.58,30.48,31.469999,6843700.0,30.474962,JNPR
2011-10-20,29.379999,30.200001,28.700001,30.08,5.2466E7,29.718643,C
2012-05-08,43.189999,44.150002,43.09,44.099998,2008200.0,18.92331,LNT
2003-05-15,35.040001,35.829989,35.019991,35.73999,2497800.0,9.479317,BEN
2001-08-06,7.72,7.73,7.4,7.48,829700.0,7.48,AKAM
2002-07-01,34.950002,34.999999,33.530005,33.530005,718100.0,20.962369,DOV
2013-08-30,80.760002,81.129997,79.730003,80.07,658400.0,79.641129,AAP
2001-02-07,43.093761,43.75,39.8125,40.3125,1.69242E7,20.030442,ADBE
2006-11-17,14.67,14.7,14.39,14.57,1.09832E7,14.57,MU
2008-10-27,33.02,34.880001,32.220001,34.209999,5889200.0,8.5525,CERN
2001-07-17,28.799999,28.92,28.700001,28.92,169000.0,6.07655,O
2010-07-13,46.34,47.209999,46.259998,47.099998,2533200.0,23.549999,FISV
2015-06-12,51.400002,51.59,51.150002,51.150002,2032800.0,48.567449,IP
2010-05-24,28.18,28.35,27.65,27.68,5152000.0,24.010402,JCI
2013-03-21,32.919998,33.029999,32.549999,32.630001,1249100.0,29.362686,LEG
2011-01-26,89.940002,91.389999,89.550003,90.989998,3254700.0,79.368246,DE
2006-08-09,66.410004,67.470001,66.370003,66.959999,2793800.0,64.193134,ZBH
2009-06-02,13.26,13.49,13.23,13.36,4031200.0,12.447848,TSN
2007-10-04,29.67,29.99,29.219999,29.559999,2171200.0,28.763287,GT
2013-07-23,47.189999,47.189999,46.43,46.639999,1406900.0,42.997979,FAST
2012-06-26,104.370003,104.800003,103.360001,104.099998,655000.0,88.691349,BXP
2006-10-03,42.990002,44.060001,42.630001,44.029999,2357600.0,33.205986,JWN
2006-03-16,31.02,31.35,30.940001,31.26,3890000.0,22.394734,SYY
2013-05-10,70.209999,70.32,69.419998,70.300003,1307700.0,62.483068,DTE
2012-10-09,35.380001,35.619999,35.139999,35.240002,1217900.0,32.694856,FL
2011-02-07,7.49,7.56,7.39,7.56,1.65925E7,6.666269,HBAN
2012-09-11,21.58,22.23,21.26,21.799999,8078000.0,21.799999,FSLR
2000-08-02,29.5,30.5625,28.5625,28.75,4871600.0,19.342207,LMT
2013-08-09,46.18,46.490002,45.720001,46.029999,5217300.0,44.038344,HAL
2010-09-23,22.27,22.65,22.16,22.48,789600.0,21.380203,PKI
2011-09-01,14.79,15.0,14.38,14.42,1.00399E7,12.037217,SPLS
2008-11-10,24.49,24.52,22.07,22.15,2201900.0,22.15,FFIV
2001-04-03,46.249939,46.889924,44.129942,44.91994,8578500.0,12.654716,ABT
2004-01-08,65.379996,66.010002,64.23,64.43,3.84993E7,13.558502,EBAY
2015-01-20,68.169998,69.0,67.68,68.510002,4753800.0,32.536052,RAI
2007-02-28,47.549999,48.080002,47.009998,47.419998,3624800.0,37.064366,NSC
2008-02-05,68.139999,68.639999,67.410004,67.949997,8681400.0,52.965249,PEP
2004-08-13,14.39,14.55,14.37,14.46,1149400.0,13.376934,AMT
2004-12-22,38.610001,39.59,38.549999,39.52,5276300.0,39.52,AMZN
2002-07-24,27.450001,28.620001,26.65,28.620001,2686400.0,6.322539,NBL
2008-05-09,22.01,23.43,21.969999,22.530001,5.07588E7,21.039175,NVDA
2014-05-19,54.52,55.25,54.419998,54.759998,608500.0,54.759998,AN
2000-11-16,28.6875,30.5,27.75,27.8125,4134800.0,27.8125,AMZN
2013-10-02,77.550003,77.610001,75.639999,76.080002,2503700.0,71.205988,RTN
2013-12-05,40.990002,41.02,40.759998,40.970001,565000.0,38.900348,PDCO
2014-12-01,83.029999,83.730003,82.18,82.610001,753100.0,76.830256,TROW
2005-05-23,25.74,26.07,25.74,25.85,7.54211E7,20.17746,MSFT
2007-10-29,15.0,15.17,14.98,15.1,7117500.0,15.1,MYL
2000-08-03,18.5625,19.0,18.0,18.5,1579200.0,18.5,RHT
2006-07-06,77.279999,78.0,77.199997,77.519997,359400.0,66.637433,VMC
2004-09-02,16.24,16.459999,16.09,16.459999,1428800.0,12.99602,ADM
2010-02-12,19.540001,19.74,19.4,19.629999,1.5749E7,14.0692,MO
2010-04-26,22.959999,23.440001,22.870001,23.32,3625700.0,21.279007,NRG
2012-09-07,59.689999,59.799999,59.360001,59.490002,440900.0,51.305939,DTE
2008-07-21,66.510002,69.440002,66.510002,69.309998,2881200.0,59.137551,CMI
2013-06-21,33.189999,33.380001,32.830002,33.25,5263100.0,30.430441,CAG
2007-12-03,46.379997,47.189998,45.590002,47.049999,2454700.0,29.53635,GGP
2001-04-30,27.20004,27.999959,26.969999,27.260041,1.04524E7,2.088994,ATVI
2002-01-02,46.799999,47.639999,46.259998,47.470001,8848000.0,16.010432,KO
2007-11-30,50.59,50.59,49.720001,49.959999,1043600.0,49.959999,VAR
2010-11-03,48.950001,49.349998,48.619999,48.84,2052900.0,36.49823,EQR
2014-03-26,47.84,48.099998,47.07,47.150002,1344800.0,43.97979,MCHP
2012-08-27,48.849998,48.849998,47.720001,47.84,1973200.0,41.062166,LB
2007-01-23,49.610001,49.889999,49.07,49.200001,779200.0,49.200001,VAR
2012-11-30,33.400002,33.57,32.919998,33.130001,1.56653E7,31.871375,AIG
2013-06-26,40.82,41.360001,40.759998,41.259998,1232100.0,37.244019,ES
2008-10-02,30.67,30.790001,28.280001,28.5,4164200.0,13.647245,BWA
2001-02-14,6.18752,6.5,6.125,6.25,100800.0,1.5625,HOLX
2004-12-22,59.110001,61.299999,58.900002,61.139999,2.20916E7,13.90827,SBUX
2015-04-27,34.970001,35.009998,34.299999,34.41,2234900.0,32.894451,XEL
2008-09-12,12.58,12.81,12.25,12.4,3312800.0,12.4,AN
2010-09-13,61.759998,62.880001,61.759998,62.18,2813200.0,53.488247,GD
2000-08-23,23.625004,23.812496,23.5625,23.625004,213400.0,11.435006,SPG
2015-12-14,95.080002,96.309998,94.699997,96.300003,3930200.0,95.707321,MA
2005-01-20,20.450001,21.0,20.450001,20.889999,7400.0,34.473982,SIG
2005-03-01,70.500007,70.659994,67.769994,68.059991,1.51643E7,25.156481,VLO
2005-06-23,42.599998,42.990002,41.990002,41.990002,1316400.0,9.987733,APH
2012-05-08,33.18,33.27,32.650002,32.700001,4242700.0,28.238982,MCHP
2008-02-07,102.889999,104.0,100.599998,102.339996,1.12558E7,84.678934,IBM
2010-05-21,21.15,22.48,20.99,22.15,1.62259E7,19.209584,GPS
2001-11-14,36.34,37.200001,36.169998,36.619999,2367800.0,23.554327,PAYX
2015-04-28,77.239998,77.510002,76.279999,76.349998,1488800.0,73.814644,OMC
2009-03-24,20.790001,22.92,20.299999,21.6,1.25815E7,17.89918,AFL
2002-04-24,29.5,29.700001,27.0,27.299999,1.14055E7,27.299999,MU
2002-10-10,6.7,7.5,6.69,7.49,2348800.0,7.276021,LRCX
2011-12-20,41.150002,41.18,40.740002,41.119999,8060000.0,34.986196,LLY
2015-07-07,233.25,234.199997,230.970001,234.039993,613400.0,234.039993,ORLY
2014-07-24,134.029999,135.100006,133.690002,134.850006,5337900.0,123.840746,CVX
2011-08-12,42.630001,43.07,42.349998,42.68,879400.0,40.350179,SNI
2002-12-03,41.310001,42.080002,41.299999,42.0,735100.0,20.661978,AEE
2012-08-14,12.92,13.12,12.8,12.85,6965200.0,12.335485,SCHW
2001-05-10,54.299999,54.349998,50.990002,51.009998,5.28422E7,20.552967,AMAT
2000-09-25,63.25,63.5,60.4375,61.25,5.34842E7,21.065403,MSFT
2014-03-17,28.85,29.08,28.700001,28.969999,1125900.0,26.699404,CMS
2006-05-01,25.700001,25.709999,24.950001,25.0,1993000.0,12.5,CNC
2002-05-23,5.500005,5.599995,5.350005,5.52,80400.0,3.539394,RRC
2005-02-07,27.699772,27.699772,27.379772,27.379772,1735700.0,27.593898,DUK
2004-05-17,37.549999,37.799999,36.540001,37.240002,619500.0,22.312343,WYNN
2010-06-29,52.93,53.279999,52.049999,52.259998,9528400.0,9.763544,RAI
2005-05-09,44.439999,45.0,43.360001,44.16,1163400.0,22.08,FFIV
2012-08-09,57.4,57.460003,56.990002,57.150001,1187900.0,45.404732,ADP
2006-10-23,17.93,18.459999,17.870001,18.25,1658600.0,9.125,CNC
2009-08-10,36.82,36.860001,36.279999,36.360001,447900.0,31.650892,IFF
2007-12-13,23.129999,23.190001,22.0,23.0,5255500.0,23.0,CBG
2014-11-18,63.0,63.330002,62.580002,62.689999,656400.0,62.689999,VRSK
2002-10-18,61.74999,63.99,60.53001,63.200008,4489800.0,19.980342,CI
2002-10-30,35.890006,36.000004,35.089998,35.490002,2587000.0,22.564545,IP
2013-09-11,45.709999,45.709999,44.700001,44.84,2512800.0,41.297942,EIX
2015-12-31,151.729996,152.119995,150.630005,150.639999,1607100.0,148.570133,MMM
2008-04-21,44.299999,44.98,44.049999,44.869999,2973900.0,40.942926,NRG
2015-07-06,64.610001,66.389999,64.540001,66.160004,1331400.0,65.29495,ALK
2005-05-24,44.279999,44.799999,44.009998,44.709999,2141500.0,39.204352,DVN
2011-03-15,53.060001,53.799999,52.849998,53.389999,2255600.0,26.695,DLTR
2013-01-22,42.02,42.189999,41.189999,42.07,4289300.0,41.46442,LEN
2012-04-25,50.869999,51.450001,50.619999,51.400002,2418300.0,48.774395,AON
2016-04-28,36.450001,37.669998,35.900002,36.110001,1.20814E7,36.048309,DVN
2008-05-01,81.919998,82.669998,80.550003,82.349998,5369900.0,64.464915,CAT
2004-05-11,26.85,27.780001,26.790001,27.77,8.2353E7,19.742846,INTC
2010-08-13,54.610001,54.779999,53.939999,54.259998,1118200.0,53.40944,AAP
2006-11-06,42.979993,43.17,42.760012,42.950003,464000.0,17.881337,IRM
2008-07-09,77.730003,77.730003,75.5,75.629997,3151300.0,71.97387,FDX
2013-04-26,13.52,13.76,13.45,13.67,4.38149E7,11.818539,F
2014-08-21,47.23,47.290001,46.0,46.029999,1214800.0,45.049427,ALK
2014-09-05,89.639999,89.739998,89.019997,89.610001,2571200.0,86.876495,AXP
2011-12-20,54.43,55.75,54.279999,55.5,3004400.0,52.519648,HES
2010-12-21,34.400002,34.66,34.290001,34.439999,747100.0,34.439999,VRSK
2003-12-10,43.400002,43.580002,42.599998,42.599998,763600.0,21.299999,NFX
2014-11-19,77.150002,77.889999,76.760002,77.68,2377700.0,71.3315,LB
2000-12-22,55.0,58.125,54.8125,57.5,2082400.0,49.121216,KSS
2002-09-11,21.85,21.93,21.34,21.41,545800.0,7.645724,JWN
2006-02-15,34.25,34.25,33.830002,33.970001,1023200.0,33.036797,TMO
2006-07-20,32.15,32.759996,31.77,31.799998,2.25958E7,12.233797,HPQ
2001-12-03,51.799999,51.950001,50.720001,50.900002,2082400.0,41.554467,STT
2006-01-12,16.26,16.629999,15.7,15.84,578400.0,15.84,REGN
2003-07-23,21.219999,21.379999,20.940001,21.209999,3731200.0,14.569389,MCD
2005-04-19,63.330002,64.449997,63.049999,64.18,1880000.0,15.747552,GPN
2005-11-22,54.849998,55.330002,54.740002,55.07,5350600.0,44.410486,TGT
2015-09-15,47.0,47.119999,46.310001,46.889999,8804600.0,46.214406,DAL
2014-08-25,36.360001,36.450001,35.98,36.060001,952000.0,35.204836,SEE
2004-10-19,38.75,39.380001,37.790001,37.98,1.6571E7,27.826843,JPM
2001-05-15,69.690002,69.690002,67.900002,68.110001,1824200.0,19.000255,EXC
2007-01-10,16.0,16.049999,15.8,16.049999,9463100.0,15.417041,LUV
2013-07-02,48.849998,48.919998,48.310001,48.619999,1464600.0,48.619999,CERN
2001-09-27,71.099998,76.279999,71.099998,75.550003,530200.0,51.304844,MTB
2004-05-06,47.419998,48.349998,47.099998,47.619999,1278000.0,11.647111,GPN
2002-02-08,24.399999,24.64,23.369999,24.029999,8.88328E7,1.571434,AAPL
2016-04-29,61.209999,61.490002,60.580002,61.439999,1982000.0,61.150535,FL
2003-05-19,19.799999,19.85,19.51,19.639999,759100.0,13.027698,HBAN
2011-07-14,66.84,66.84,66.24,66.379992,2408100.0,53.856896,KMB
2003-06-19,30.82,31.09,30.700001,30.959999,1038300.0,17.554835,AEP
2014-06-24,313.589996,319.26001,312.660004,314.230011,1105200.0,314.230011,BIIB
2014-08-14,41.169998,41.759998,40.970001,41.75,1420000.0,40.81083,FBHS
2000-12-14,15.5625,16.1875,15.5625,15.75,1504800.0,13.233949,NEM
2002-10-07,36.999994,37.130005,35.930001,36.040004,447600.0,18.213664,VNO
2004-06-09,39.799999,39.799999,39.259998,39.32,855700.0,26.642398,GPC
2001-05-22,34.900002,35.25,34.900002,35.02,426900.0,18.228641,EFX
2005-01-05,11.55,11.73,11.46,11.53,5512800.0,11.53,MU
2012-01-20,74.889999,75.150002,74.010002,74.879997,3097400.0,36.265518,BWA
2014-08-27,76.970001,76.970001,76.0,76.370003,774400.0,74.601188,ABC
2000-09-05,150.0,150.062485,139.062515,139.562485,2111400.0,46.520828,BIIB
2013-12-13,40.810001,40.900002,40.43,40.75,2167800.0,37.98118,CPB
2015-07-20,30.4,30.54,30.099999,30.449998,2.63438E7,13.32906,HPQ
2003-02-20,20.389999,20.469999,20.200001,20.309999,987500.0,16.483573,AON
2006-01-13,78.919998,79.599998,78.760002,79.300003,2649000.0,33.970031,MON
2005-12-12,65.550003,65.959999,64.32,64.419998,1538600.0,21.327833,PEG
2005-06-10,53.669998,54.0,53.0,53.5,3126400.0,53.5,EA
2004-08-11,52.650002,53.009998,52.099998,52.799999,560600.0,48.452598,BCR
2013-10-28,20.97,21.309999,20.85,20.920001,6314100.0,17.682902,MAS
2010-03-25,30.75,30.879999,30.48,30.52,1006200.0,22.392669,O
2001-08-22,38.380001,38.75,37.959999,38.48,782800.0,30.016348,AON
2016-05-23,46.23,47.16,46.029999,46.830002,1794700.0,46.450792,NUE
2004-09-24,64.639999,64.769997,64.5,64.599998,2239600.0,20.438369,D
2013-06-18,27.040001,27.42,26.870001,27.309999,1516300.0,26.740853,ZION
2012-03-26,30.73,30.84,30.290001,30.610001,6764900.0,24.067507,WMB
2016-01-05,13.97,14.0,13.51,13.72,5.02675E7,12.985194,F
2003-08-05,67.0,67.07,65.110001,65.169998,519000.0,65.169998,MHK
2014-03-07,124.18,124.779999,123.760002,124.720001,1075200.0,117.531242,ROK
2005-05-12,26.0,26.66,26.0,26.32,1.1832E7,21.237618,TXN
2012-08-07,55.349998,56.75,55.349998,56.349998,1507400.0,55.609948,EQT
2009-05-19,26.299999,26.66,26.27,26.379999,1062300.0,19.146834,PNW
2007-10-16,51.580002,51.91,49.450001,50.049999,2673500.0,41.071359,CMA
2007-07-06,30.969999,31.280001,30.719999,31.129999,5001600.0,7.067815,ROST
2001-08-16,54.090002,54.99999,53.990009,54.639988,2415000.0,18.213329,FISV
2009-05-05,50.159998,50.350002,49.750006,49.919993,1845600.0,36.853209,KMB
2008-09-11,27.33,28.200001,26.98,28.15,3188100.0,28.15,CTXS
2007-07-13,59.599998,60.48,58.849998,59.200001,2436900.0,52.233923,TSO
2002-01-16,57.700001,57.700001,56.529999,56.830002,2460400.0,10.906279,UNP
2001-08-30,39.099998,39.32,38.450001,38.450001,15200.0,29.12687,BLK
2010-01-27,35.93,36.439999,35.82,36.380001,2365500.0,34.917686,L
2009-11-27,72.010002,73.010002,71.089996,72.32,1764800.0,15.557651,VFC
2012-11-13,34.290004,34.580008,33.749998,34.360001,4075100.0,29.940715,IP
2006-09-28,28.6,28.709999,28.309999,28.629999,7027200.0,12.63517,TJX
2012-09-13,11.55,12.13,11.42,11.96,3.94897E7,10.279889,SPLS
2013-02-19,61.220002,61.490001,61.090006,61.459999,1892900.0,49.53025,ADP
2013-11-22,57.25,57.52,57.060001,57.459999,1.67306E7,53.305931,JPM
2015-10-23,49.099998,49.41,48.919998,49.240002,3355600.0,48.549403,HIG
2015-12-09,36.02,36.490002,35.66,35.950001,3085300.0,34.298521,HCP
2009-11-09,35.880001,36.580002,35.41,36.450001,8883200.0,36.450001,ADBE
2002-04-24,124.199997,126.849998,123.989998,125.5,4755800.0,44.433994,MMM
2002-01-15,38.48,39.25,37.369999,37.709999,1626000.0,15.278245,SEE
2014-07-15,35.07,35.25,34.810001,35.09,1002900.0,33.427452,UNM
2005-06-20,84.470001,85.300003,84.470001,84.599998,143800.0,57.221372,ESS
2003-06-19,59.25,59.880001,56.689999,56.700001,8419600.0,25.463132,STJ
2004-08-16,17.85,18.459999,17.809999,18.23,4.63083E7,15.72916,CSCO
2007-06-26,5.87,5.89,5.75,5.81,1.83949E7,87.149999,LVLT
2014-02-14,33.830002,34.279999,33.77,34.119999,9097000.0,32.771277,MDLZ
2011-09-09,38.209999,38.439999,37.439999,37.849998,2471200.0,33.306225,OMC
2008-10-22,19.24,19.41,17.1,17.99,1.62648E7,16.227252,SCHW
2009-04-02,48.280001,49.719998,47.57,49.260001,4055400.0,36.365973,KMB
2004-01-29,31.200001,31.25,30.879999,30.9,2130800.0,22.329253,RTN
2016-03-14,91.230003,91.410004,90.379997,90.75,1307200.0,90.229296,DPS
2006-03-22,26.450001,26.530001,26.26,26.5,237300.0,17.157754,DLR
2007-04-19,20.929791,20.929791,20.639793,20.669793,1577900.0,39.021268,DUK
2012-01-05,32.490002,33.150002,32.459999,32.720001,9351200.0,29.641685,WBA
2013-01-22,27.18,27.549999,27.16,27.42,9719900.0,23.42312,SE
2005-02-25,207.399998,212.150002,207.399998,211.149998,2312500.0,30.135523,CME
2003-09-08,90.599998,91.690002,90.559998,91.620003,6526200.0,32.167818,PG
2015-04-09,129.610001,130.850006,127.209999,127.800003,1979500.0,127.800003,MNK
2006-12-22,64.519997,64.800003,64.160004,64.589996,2563800.0,25.734284,CL
2010-05-13,111.209999,111.839996,108.080002,108.730003,1327500.0,94.472435,WHR
2005-09-09,23.030001,23.23,22.84,22.940001,5384700.0,19.479526,VRSN
2006-08-11,23.280001,23.65,23.25,23.52,5033700.0,18.317877,SPLS
2015-08-31,36.32,36.560001,36.16,36.450001,2040400.0,36.269884,L
2013-11-14,78.790001,79.209999,78.360001,78.959999,1619600.0,71.912276,TROW
2009-04-08,23.99,24.120001,23.25,24.07,2437000.0,23.382353,LRCX
2001-06-13,47.099998,47.950001,47.049999,47.360001,579800.0,33.275097,APD
2002-12-20,5.9,6.11,5.75,5.98,1246400.0,5.98,RHT
2013-12-12,48.490002,48.529999,47.869999,48.130001,1.21617E7,42.512863,VZ
2003-01-27,40.900002,41.400002,39.900002,40.23,3764900.0,31.775478,HOG
2015-05-14,70.349998,71.18,70.190002,71.150002,1825300.0,66.9152,HCN
2013-11-08,19.15,20.030001,19.059999,20.01,1.53422E7,18.629927,FITB
2003-11-17,34.400002,34.639999,33.700001,34.639999,4322300.0,34.639999,BSX
2009-09-30,73.779999,74.349998,72.18,72.730003,2057500.0,58.755575,AVB
2006-10-18,22.760001,22.919998,22.669996,22.919998,2648000.0,17.115145,HST
2006-04-24,48.790001,49.630001,48.549999,49.599998,3633200.0,20.182583,YUM
2013-12-06,24.030001,24.16,23.91,24.0,2.28253E7,22.907166,EMC
2014-08-12,38.360001,38.759998,38.279999,38.720001,2452200.0,36.441057,IVZ
2009-01-27,17.93,18.870001,17.93,18.709999,1077100.0,16.764808,PDCO
2001-08-15,34.400039,35.750041,34.31004,35.09004,8599600.0,2.689023,ATVI
2004-07-20,33.43,33.549999,33.110001,33.419998,184300.0,25.237475,SNA
2003-03-11,4.74,4.75,4.65,4.71,930700.0,70.650001,LVLT
2003-11-10,67.730003,68.769997,66.879997,68.300003,1374600.0,30.599585,PDCO
2011-08-19,46.650002,48.650002,46.279999,46.439999,4422300.0,40.273058,TROW
2011-08-03,55.009998,55.07,53.59,54.25,5327200.0,54.091598,BBBY
2002-01-04,33.049999,33.25,32.400002,32.82,637300.0,18.757502,AJG
2016-07-06,119.290001,120.959999,119.0,120.629997,5102800.0,120.629997,MCD
2009-02-17,69.900002,70.449997,69.010002,69.589996,1483300.0,59.882282,BDX
2002-10-25,20.85,21.24,20.0,20.92,999800.0,15.336721,NSC
2013-01-29,30.469999,30.85,30.23,30.51,4281000.0,28.361971,TYC
2015-03-25,81.029999,81.040001,79.830002,79.860001,4803000.0,75.187358,CAT
2004-04-13,13.08,13.23,13.01,13.2,1.65352E7,12.498464,EMC
2001-04-02,64.300003,66.190002,62.849998,63.799999,1414600.0,44.275279,STI
2001-12-21,39.400002,40.560001,37.599998,39.0,3259200.0,4.550293,FLIR
2005-05-09,41.299999,42.009998,41.080002,42.009998,591400.0,33.451011,PNR
2016-05-11,37.290001,37.290001,36.330002,36.66,1494400.0,36.369829,UDR
2005-01-27,86.0,86.849998,85.599998,86.260002,5482600.0,32.946326,ITW
2002-05-14,18.299999,19.549999,18.290001,18.75,384500.0,18.75,REGN
2003-05-01,30.75,30.959999,30.540001,30.780001,145900.0,19.585169,FRT
2003-08-18,10.739997,10.830002,10.650005,10.770006,2036500.0,8.822473,CHK
2008-06-06,25.5,25.959999,25.17,25.77,3205100.0,25.77,ENDP
2002-03-15,55.549999,55.549999,54.099998,54.549999,3040200.0,21.433626,LEN
2015-11-03,12.74,12.83,12.69,12.78,1.43384E7,12.443428,KEY
2004-03-11,28.1,28.299999,27.6,27.68,202400.0,26.112934,XEC
2008-06-10,43.07,43.5,42.459999,43.369999,1480800.0,39.574207,NRG
2016-05-05,72.07,72.220001,71.739998,71.830002,1091800.0,71.699984,BLL
2003-06-09,23.62,23.69,22.499999,23.000001,1.27316E7,1.642857,NFLX
2005-09-07,82.75,84.839996,82.75,84.519997,1183700.0,68.584432,LLL
2003-06-16,53.970001,54.049999,52.959999,53.369999,3032000.0,23.171611,DVN
2011-12-15,35.240002,35.299999,34.650002,34.790001,1189300.0,33.881215,XRAY
2013-09-19,73.93,75.93,73.93,75.139999,4256900.0,72.563573,AON
2001-11-28,27.26,27.389999,25.860001,25.950001,1090700.0,12.35124,CNP
2006-06-14,38.16,38.169998,36.419998,36.869999,4366100.0,27.977413,FITB
2007-09-06,32.009998,32.189999,31.41,31.59,4601300.0,31.59,AKAM
2002-12-31,61.73,62.060001,60.84,61.939999,3013200.0,23.314283,UTX
2005-11-11,86.489998,86.529999,85.639999,86.459999,782000.0,68.069405,HIG
2009-04-06,13.7,14.06,13.13,13.39,6248600.0,11.295346,WU
2012-10-03,57.32,57.389999,56.59,56.77,6840200.0,48.384347,COP
2002-05-21,18.459999,18.65,18.25,18.51,2063000.0,12.688779,EIX
2012-05-17,99.25,99.660004,98.0,98.040001,595000.0,95.499783,BCR
2015-05-04,50.419998,50.860001,50.290001,50.52,1.25948E7,47.70251,VZ
2008-09-08,64.440002,64.900002,63.59,64.209999,1043600.0,28.511806,CHD
2000-11-24,28.5,29.0,28.5,29.0,218000.0,6.99448,ALK
2012-08-24,56.279999,57.599998,56.139999,57.290001,1.21766E7,28.014008,GILD
2007-10-09,57.599998,57.880001,57.299999,57.880001,1.6272E7,22.282787,KO
2007-05-25,54.709999,54.919998,54.310001,54.57,2305600.0,43.099518,TRV
2005-10-20,23.9,24.15,23.58,23.74,4279500.0,23.74,BSX
2008-03-20,41.540001,43.259998,41.150002,42.919998,3778800.0,20.450994,BWA
2001-01-22,63.75,67.5,63.75,66.812477,1686800.0,10.92853,ETN
2013-12-20,25.77,25.9,25.51,25.799999,2612300.0,25.799999,CBG
2004-08-13,25.83,26.49,25.67,26.370001,2646500.0,17.288118,MCHP
2014-01-27,61.549999,62.16,61.360001,61.360001,1911100.0,54.533691,VTR
2006-05-04,86.379997,86.379997,84.970001,85.150002,1840400.0,73.475958,COF
2012-08-27,41.869999,42.860001,41.52,42.240002,3856400.0,20.907674,COG
2004-02-19,14.45,14.64,14.44,14.45,7416200.0,11.08873,F
2001-05-18,93.99,94.400007,93.449999,93.710009,2997600.0,28.995497,CI
2004-09-30,33.900001,34.790001,33.900001,34.529998,2660500.0,22.229779,MAS
2003-07-23,75.900002,77.980003,74.769997,77.660004,6925600.0,38.830002,EA
2003-10-27,37.34002,37.459993,36.680002,36.839998,853500.0,10.225043,IRM
2007-07-25,19.25,19.450001,18.809999,18.91,4.78094E7,17.904997,EMC
2006-09-28,9.9,10.14,9.83,9.86,4911200.0,8.714622,IPG
2014-02-14,166.169998,167.360001,165.860001,166.190002,266100.0,155.323989,ESS
2006-01-20,52.59,52.59,51.279999,51.400002,1.18717E7,43.429418,AXP
2011-12-16,43.360001,43.549999,42.700001,42.84,7435400.0,34.796719,EXC
2012-03-16,128.199997,129.0,126.330002,126.959999,1859600.0,103.901289,WYNN
2014-12-22,59.84,60.68,59.509998,60.57,2602300.0,57.313641,KSS
2013-08-13,105.82,107.389999,105.349998,106.800003,2625500.0,99.610222,UTX
2006-03-23,38.200001,38.650002,38.029999,38.650002,2221600.0,33.752936,VIAB
2008-07-28,42.25,43.130001,42.0,42.099998,4031300.0,34.212735,TRV
2004-04-13,22.459999,22.459999,21.889999,22.15,204200.0,16.875122,TSS
2009-05-18,53.509998,54.27,53.040001,54.200001,8250700.0,42.896382,MCD
2016-06-23,70.360001,72.25,70.360001,72.230003,1452700.0,72.230003,URI
2014-08-22,43.400002,43.630001,43.209999,43.509998,1085100.0,43.509998,TDC
2016-07-18,55.41,55.41,54.889999,55.23,442300.0,55.23,PKI
2008-06-17,90.629997,91.589996,89.75,89.82,767500.0,89.82,JEC
2005-02-02,121.400002,121.82,120.010002,120.699997,596500.0,112.423136,HAR
2008-03-25,11.5,11.64,11.44,11.58,6025600.0,11.58,MYL
2010-10-08,67.400002,68.389999,67.309998,68.150002,1235700.0,56.68011,CLX
2013-11-14,21.58,21.68,21.200001,21.33,2522500.0,20.805215,GT
2016-06-06,101.300003,101.839996,100.589996,101.449997,1052800.0,101.449997,EW
2001-01-30,46.5,46.900002,46.25,46.830002,324300.0,15.389166,AIV
2003-10-13,57.080002,57.150002,56.509998,56.689999,626000.0,28.344999,VAR
2001-04-05,50.549999,52.099998,50.529999,51.990002,271200.0,42.154706,ZION
2001-07-30,45.900002,46.200001,45.630001,46.099998,3606000.0,32.270913,PEP
2008-08-04,90.749997,91.349994,89.279994,90.310002,2400500.0,65.348419,SPG
2013-02-08,38.849998,38.939999,38.599998,38.77,1.2308E7,34.870226,KO
2000-09-18,52.437521,52.437521,50.249999,50.249999,4179600.0,9.195741,DHR
2012-05-07,36.27,37.060001,36.060001,36.349998,2902600.0,31.917009,HAS
2005-12-28,43.32,43.700001,43.060001,43.529999,424100.0,36.369978,AIZ
2009-01-07,18.389999,20.41,18.129999,19.799999,2.262E7,9.9,CTSH
2013-07-30,40.700001,41.02,40.59,40.740002,567200.0,38.525639,PDCO
2007-07-09,15.48,15.82,15.48,15.72,8333600.0,15.72,BSX
2004-03-30,47.459999,48.220001,47.310001,48.169998,286100.0,38.7902,GWW
2012-03-15,33.34,33.77,33.16,33.77,6133800.0,30.792971,WBA
2013-11-18,52.330002,52.689999,51.729997,52.080002,3.03033E7,21.919193,EBAY
2008-11-20,61.639999,63.25,59.619999,60.259998,3699400.0,51.581891,BDX
2003-01-28,34.919998,36.049999,34.919998,36.0,1212000.0,6.422796,VFC
2011-01-28,88.569996,88.96,86.809991,87.179999,1077900.0,66.146775,VNO
2014-04-16,18.77,18.99,18.549999,18.9,3779900.0,18.237324,PHM
2011-10-20,58.119999,58.580002,57.900002,58.490002,2329500.0,48.217289,ED
2008-03-17,51.509998,53.57,51.48,52.959999,5122200.0,42.215628,NSC
2008-08-26,7.78,7.92,7.17,7.34,8835600.0,7.178881,AAL
2012-01-13,42.040001,42.18,41.810001,42.169998,3131300.0,33.817191,FE
2009-08-17,25.58,25.58,24.4,24.450001,5819800.0,20.910005,JCI
2007-09-20,66.330002,66.870003,64.879997,64.879997,1514900.0,56.493102,LNC
2009-07-13,26.700001,27.129999,26.4,27.08,4234600.0,22.922961,ADM
2007-09-07,51.990002,52.740002,51.830002,51.900002,1541900.0,51.431549,CI
2010-04-21,15.71,16.030001,15.53,15.93,1810900.0,13.780798,FL
2007-03-09,57.200001,57.509998,56.66,57.41,549000.0,28.593879,AIV
2010-11-30,7.6,7.64,7.52,7.53,9702600.0,6.704916,KEY
2012-06-20,27.280001,27.76,27.059999,27.23,3839900.0,23.547338,HCA
2015-02-18,111.599998,112.169998,111.0,111.989998,3731600.0,108.617805,HD
2012-09-07,72.870003,73.029999,72.550003,72.889999,3080400.0,65.981257,BA
2008-10-21,18.980003,19.640004,18.369999,18.460002,5597200.0,13.931683,IP
2013-07-01,26.389999,26.799999,25.780001,26.450001,1722500.0,26.450001,LKQ
2004-06-18,55.490002,55.580002,55.02,55.25,8467400.0,39.057944,JNJ
2003-05-13,30.01,31.0,29.950001,30.75,5548800.0,15.375,FISV
2014-08-08,115.129997,116.400002,114.400002,116.349998,699800.0,112.418623,BDX
2013-03-22,24.290001,24.43,24.200001,24.370001,1112100.0,23.488452,TSS
2007-07-13,22.559999,23.73,22.52,23.309999,5810100.0,21.827845,PHM
2014-06-12,65.279999,65.379997,64.589996,64.879997,951200.0,62.356249,STJ
2004-09-03,13.819996,13.9,13.770004,13.809996,617700.0,9.807435,HST
2008-09-17,35.529999,35.68,34.07,34.09,4969100.0,24.544478,PEG
2010-01-19,37.869999,40.310001,37.639999,39.349998,1.47747E7,33.3652,MET
2002-08-23,42.099998,42.48,41.900002,42.400002,100200.0,15.797807,AIV
2012-09-10,15.71,16.120001,15.55,15.93,5101000.0,15.319272,TSN
2007-04-13,47.75,47.84,47.200001,47.779999,2390300.0,37.979304,AFL
2005-11-07,26.719999,27.08,26.700001,27.01,7.71048E7,21.145446,MSFT
2008-04-15,34.02,34.080002,33.290001,33.439999,1074500.0,32.479366,AAP
2015-05-01,55.75,56.52,55.59,56.459999,1657900.0,55.223508,RHI
2010-02-03,60.589998,60.589998,59.770002,60.390003,3479600.0,45.959694,KMB
2011-06-13,29.66,29.98,29.6,29.9,2414300.0,26.350714,MMC
2009-03-02,4.71,4.87,4.21,4.26,8017600.0,4.26,UAL
2004-01-29,64.349998,64.620003,63.82,64.43,2620200.0,19.771969,D
2003-11-13,93.199997,93.599998,92.029999,93.139999,1269400.0,93.139999,AZO
2002-10-18,60.990002,62.220001,60.889999,61.919998,588000.0,23.311166,TAP
2004-04-23,11.89,12.2,11.84,11.9,1970700.0,11.562781,SWKS
2012-03-05,56.849998,56.849998,56.07,56.5,510000.0,51.906929,IFF
2005-11-01,79.999998,80.790002,79.049993,79.689995,1116400.0,47.693477,VNO
2013-11-07,25.659999,26.28,25.629999,25.69,3.26634E7,10.877204,HPQ
2003-12-31,44.689999,44.98,43.389999,43.389999,298300.0,29.633059,PSA
2013-08-29,32.75,33.259998,32.709999,33.099998,4556300.0,27.131449,CTL
2006-07-20,20.84,21.0,19.9,20.0,6086400.0,17.062342,DHI
2015-05-15,111.919998,113.400002,111.82,113.349998,4575800.0,110.50255,HD
2014-04-10,40.889999,41.049999,39.48,39.790001,2.63978E7,38.559835,ORCL
2006-02-16,22.969999,23.120001,22.940001,23.07,197400.0,12.953815,O
2013-10-07,181.729996,187.309998,181.729996,185.289993,279100.0,185.289993,AMG
2006-06-30,32.130001,32.680007,32.070003,32.299999,3785100.0,22.776807,IP
2012-06-13,76.449997,77.769997,75.349998,75.849998,1542300.0,75.849998,CTXS
2010-11-03,82.459999,82.839996,81.160004,81.889999,1605100.0,81.889999,LH
2007-05-02,33.369999,33.919998,33.060001,33.57,3421600.0,7.603517,ROST
2007-04-03,48.899998,49.250001,48.729998,49.080001,1337500.0,33.166635,DOV
2009-10-27,6.11,6.13,5.79,5.83,2.81593E7,5.154412,KEY
2013-08-01,73.959999,76.120003,73.949997,76.0,3025400.0,70.010406,NSC
2010-03-17,36.200001,36.540001,35.93,36.099998,1085700.0,34.308375,KSU
2012-07-25,48.290001,48.380001,47.259998,47.860001,3267500.0,42.294996,KSS
2015-07-09,65.760002,65.769997,65.25,65.410004,2358900.0,64.108912,ALL
2001-11-06,25.15,25.440001,24.65,25.35,1132400.0,6.11414,ALK
2012-12-07,52.849998,53.389999,51.889999,52.16,2570000.0,13.04,UA
2014-09-12,72.050003,72.339996,71.730003,71.970001,1445600.0,71.970001,CTXS
2013-05-02,66.360001,68.870003,66.32,68.07,2982700.0,67.993808,CI
2008-04-21,19.030001,19.1,18.870001,19.0,2.1864E7,15.787319,AMAT
2010-12-16,34.459999,34.75,34.389999,34.540001,1832600.0,29.423033,LLTC
2007-02-22,59.299999,59.369999,58.029999,58.889999,215300.0,45.004101,AYI
2009-11-23,12.49,12.79,12.29,12.36,5681100.0,9.404864,KIM
2015-04-13,56.610001,57.330002,56.529999,57.09,1088800.0,55.622401,LNC
2007-05-07,62.619999,63.02,62.490002,62.82,555300.0,50.416918,CMA
2015-10-13,33.09,33.549999,32.900002,33.389999,2386600.0,33.389999,CBG
2014-03-27,64.139999,65.389999,64.0,64.690002,3936200.0,61.902669,DVN
2011-07-18,67.849998,68.110001,66.489998,67.389999,698500.0,61.955612,ALB
2001-03-16,33.400002,33.5,30.35,30.35,3720800.0,3.604299,APH
2001-02-13,43.750005,44.374995,43.375005,43.375005,56400.0,24.824213,CMCSA
2013-06-18,33.799999,34.060001,33.439999,34.009998,9926100.0,30.741578,GM
2007-06-14,30.67,30.809999,30.42,30.49,611200.0,23.546891,RSG
2016-03-10,60.240002,61.75,60.07,61.560001,4338300.0,61.088098,FIS
2001-03-19,34.599996,37.550001,33.610004,36.990004,2405500.0,23.814712,A
2010-09-24,70.410004,71.580002,70.410004,71.489998,571500.0,71.489998,WAT
2003-01-28,60.490002,60.950001,59.549999,60.939999,3546400.0,36.976772,LLY
2004-05-25,54.290001,55.66,54.110001,55.439999,6912000.0,6.93,CELG
2015-03-26,66.5,66.970001,66.230003,66.669998,1981300.0,63.133899,ETN
2010-08-20,89.75,90.18,89.550003,90.019997,588300.0,80.317665,EQIX
2007-10-15,35.139922,35.19992,34.659918,34.929925,4190700.0,20.099627,WMB
2014-08-08,33.490002,33.75,33.16,33.73,571600.0,32.786975,FLIR
2016-08-03,22.120001,22.360001,22.07,22.200001,2.42948E7,22.200001,GLW
2004-09-30,46.040001,46.150002,45.830002,46.150002,527800.0,25.51094,AEE
2016-05-13,29.940001,30.549999,29.030001,29.139999,3217600.0,28.876907,MUR
2008-09-26,56.450001,56.450001,53.439999,55.040001,2045300.0,55.040001,JEC
2008-12-16,44.369999,46.869999,44.200001,46.310001,4180700.0,37.454907,NSC
2004-08-26,38.799999,39.599998,38.419998,39.48,1654900.0,34.604627,BHI
2001-03-30,93.25,95.599998,93.25,95.029999,1917400.0,31.559644,MMC
2016-06-10,53.549999,53.849998,52.860001,53.0,5043300.0,53.0,APC
2014-02-12,37.799999,38.25,37.66,38.07,1.23432E7,36.783347,ORCL
2008-07-24,15.95,15.96,14.86,14.9,1.57503E7,14.342576,LUV
2001-02-20,86.300003,87.089996,86.07,86.5,3801000.0,25.581268,CVX
2016-08-05,31.27,31.450001,31.219999,31.280001,2.15773E7,31.280001,GE
2015-06-25,51.619999,51.619999,50.66,50.700001,2570700.0,48.843218,ADM
2006-03-22,36.0,36.540001,35.790001,36.0,4300800.0,36.0,AMZN
